(BASE) apranikstar@Apraniks-MacBook-Pro Hqqlnu % python multipleBackgroundCode.py 
DataSetInfo              : [Muon_DataSet] : Added class "Signal"
                         : Add Tree events of type Signal with 305349 events
DataSetInfo              : [Muon_DataSet] : Added class "Background"
                         : Add Tree events of type Background with 21090 events
                         : Add Tree events of type Background with 19206 events
                         : Add Tree events of type Background with 654933 events
                         : Add Tree events of type Background with 106585 events
                         : Add Tree events of type Background with 35943 events
                         : Add Tree events of type Background with 481970 events
                         : Add Tree events of type Background with 47738 events
                         : Add Tree events of type Background with 337422 events
                         : Add Tree events of type Background with 14133 events
Factory                  : Booking method: BDT
                         : 
                         : Rebuilding Dataset Muon_DataSet
                         : Building event vectors for type 2 Signal
                         : Dataset[Muon_DataSet] :  create input formulas for tree events
                         : Building event vectors for type 2 Background
                         : Dataset[Muon_DataSet] :  create input formulas for tree events
                         : Building event vectors for type 2 Background
                         : Dataset[Muon_DataSet] :  create input formulas for tree events
                         : Building event vectors for type 2 Background
                         : Dataset[Muon_DataSet] :  create input formulas for tree events
                         : Building event vectors for type 2 Background
                         : Dataset[Muon_DataSet] :  create input formulas for tree events
                         : Building event vectors for type 2 Background
                         : Dataset[Muon_DataSet] :  create input formulas for tree events
                         : Building event vectors for type 2 Background
                         : Dataset[Muon_DataSet] :  create input formulas for tree events
                         : Building event vectors for type 2 Background
                         : Dataset[Muon_DataSet] :  create input formulas for tree events
                         : Building event vectors for type 2 Background
                         : Dataset[Muon_DataSet] :  create input formulas for tree events
                         : Building event vectors for type 2 Background
                         : Dataset[Muon_DataSet] :  create input formulas for tree events
DataSetFactory           : [Muon_DataSet] : Number of events in input trees
                         : Dataset[Muon_DataSet] :     Signal     requirement: "((((Energy_JLO < 52.45)&&(Energy_JNLO < 52.45))&&(Energy_Muon > 10.0))&&(M_met < 3))&&(Energy_MET > 20)"
                         : Dataset[Muon_DataSet] :     Signal          -- number of events passed: 21252  / sum of weights: 1.43621e-12
                         : Dataset[Muon_DataSet] :     Signal          -- efficiency             : 0.0695302
                         : Dataset[Muon_DataSet] :     Background requirement: "((((Energy_JLO < 52.45)&&(Energy_JNLO < 52.45))&&(Energy_Muon > 10.0))&&(M_met < 3))&&(Energy_MET > 20)"
                         : Dataset[Muon_DataSet] :     Background      -- number of events passed: 700064  / sum of weights: 8.98153e-07
                         : Dataset[Muon_DataSet] :     Background      -- efficiency             : 0.0692046
                         : Dataset[Muon_DataSet] :  you have opted for interpreting the requested number of training/testing events
                         :  to be the number of events AFTER your preselection cuts
                         : 
                         : Dataset[Muon_DataSet] :  you have opted for interpreting the requested number of training/testing events
                         :  to be the number of events AFTER your preselection cuts
                         : 
                         : Number of training and testing events
                         : ---------------------------------------------------------------------------
                         : Signal     -- training events            : 10626
                         : Signal     -- testing events             : 10626
                         : Signal     -- training and testing events: 21252
                         : Dataset[Muon_DataSet] : Signal     -- due to the preselection a scaling factor has been applied to the numbers of requested events: 0.069599
                         : Background -- training events            : 350032
                         : Background -- testing events             : 350032
                         : Background -- training and testing events: 700064
                         : Dataset[Muon_DataSet] : Background -- due to the preselection a scaling factor has been applied to the numbers of requested events: 0.407246
                         : 
DataSetInfo              : Correlation matrix (Signal):
                         : --------------------------------------------------------------------------------------------------------------------------------------------------------------------------------------------------------------------------------------------------------------------------------------------------------------------------------------------------------------------------------------------------------------------------------------------------------------------------------------------------------------------------------------------------------------------------------------------------------------------------------------------------------------------------------------------------------------------------------------------------------------------------------
                         :                           Delta_rapidity_JNLO_JLO Delta_rapidity_Muon_JNLO Delta_rapidity_Muon_JLO JetNLO_Rapidity JetLO_Rapidity Muon_Rapidity Delta_eta_JLO_JNLO Delta_eta_Muon_NJO Delta_eta_Muon_JLO JetNLO_eta JetLO_eta Muon_eta PT_Muon PT_JNLO  PT_JLO Energy_Transverse_Muon Energy_Transverse_JNLO Energy_Transverse_JLO Energy_Transverse_met Energy_Muon Energy_JNLO Energy_JLO   M_JLO  M_JNLO  M_Muon   M_met MT_Muon MT_JNLO  MT_JLO  MT_met Phi_Muon Phi_JNLO Phi_JLO Theta_Muon Theta_JNLO Theta_JLO cosTheta_Muon cosTheta_JNLO cosTheta_JLO CosAngle_JNLO_JLO CosAngle_Muon_JNLO CosAngle_Muon_JLO Linear_Aplanarity Aplanarity Sphericity DeltaPhi_JNLO_JLO DeltaPhi_Muon_JNLO DeltaPhi_Muon_JLO DeltaR_JNLO_JLO DeltaR_Muon_JLO DeltaR_Muon_JNLO Energy_MET
                         :  Delta_rapidity_JNLO_JLO:                  +1.000                   +0.616                  -0.663          -0.973         +0.943        -0.214             +0.988             +0.749             -0.716     -0.968    +0.947   -0.214  +0.008  -0.012  -0.014                 +0.008                 -0.014                -0.012                +0.003      -0.004      -0.002     +0.003  +0.008  -0.001  -0.001  -0.005  +0.008  -0.007  -0.011  +0.003   +0.004   +0.012  -0.005     +0.204     +0.970    -0.955        -0.195        -0.954       +0.952            -0.002             +0.003            -0.003            -0.006     +0.008     -0.005            -0.004             +0.010            -0.014          +0.016          -0.001           -0.002     -0.004
                         : Delta_rapidity_Muon_JNLO:                  +0.616                   +1.000                  +0.182          -0.625         +0.545        +0.616             +0.598             +0.960             +0.106     -0.580    +0.583   +0.616  +0.008  -0.005  +0.006                 +0.008                 -0.007                +0.006                +0.010      +0.008      +0.006     +0.023  -0.000  -0.002  +0.006  -0.018  +0.008  -0.003  +0.005  +0.010   +0.001   +0.015  -0.017     -0.615     +0.560    -0.585        +0.610        -0.537       +0.582            -0.003             +0.009            -0.002            +0.002     +0.001     +0.003            +0.001             +0.011            -0.009          +0.010          -0.005           -0.002     -0.001
                         :  Delta_rapidity_Muon_JLO:                  -0.663                   +0.182                  +1.000          +0.621         -0.659        +0.853             -0.665             -0.021             +0.994     +0.657    -0.629   +0.853  -0.003  +0.010  +0.023                 -0.003                 +0.010                +0.021                +0.005      +0.013      +0.008     +0.018  -0.010  -0.001  +0.007  -0.011  -0.003  +0.006  +0.019  +0.005   -0.004   -0.000  -0.011     -0.840     -0.679    +0.635        +0.823        +0.681       -0.635            -0.001             +0.005            +0.001            +0.010     -0.008     +0.008            +0.006             -0.002            +0.009          -0.011          -0.003           +0.000     +0.003
                         :          JetNLO_Rapidity:                  -0.973                   -0.625                  +0.621          +1.000         -0.842        +0.230             -0.956             -0.743             +0.673     +0.973    -0.855   +0.230  -0.005  +0.007  +0.011                 -0.005                 +0.008                +0.009                -0.002      +0.007      -0.000     -0.009  -0.008  -0.001  +0.000  +0.009  -0.005  +0.003  +0.007  -0.002   -0.003   -0.016  +0.006     -0.220     -0.982    +0.867        +0.211        +0.971       -0.868            +0.009             -0.003            +0.003            +0.012     -0.009     +0.010            +0.004             -0.013            +0.016          -0.013          +0.001           +0.004     +0.005
                         :           JetLO_Rapidity:                  +0.943                   +0.545                  -0.659          -0.842         +1.000        -0.170             +0.940             +0.686             -0.709     -0.867    +0.991   -0.170  +0.012  -0.018  -0.018                 +0.012                 -0.020                -0.016                +0.004      +0.001      -0.005     -0.005  +0.007  -0.003  -0.002  +0.002  +0.012  -0.012  -0.016  +0.004   +0.005   +0.005  -0.001     +0.161     +0.859    -0.991        -0.153        -0.837       +0.984            +0.008             +0.002            -0.002            +0.002     +0.005     +0.004            -0.003             +0.005            -0.010          +0.019          -0.002           +0.001     -0.001
                         :            Muon_Rapidity:                  -0.214                   +0.616                  +0.853          +0.230         -0.170        +1.000             -0.219             +0.448             +0.811     +0.259    -0.136   +1.000  +0.005  +0.001  +0.018                 +0.004                 -0.001                +0.017                +0.010      +0.017      +0.007     +0.019  -0.009  -0.003  +0.008  -0.013  +0.004  -0.001  +0.014  +0.010   -0.001   +0.003  -0.015     -0.989     -0.294    +0.145        +0.972        +0.311       -0.150            +0.005             +0.008            -0.000            +0.015     -0.008     +0.013            +0.006             +0.001            +0.004          -0.001          -0.005           +0.001     +0.004
                         :       Delta_eta_JLO_JNLO:                  +0.988                   +0.598                  -0.665          -0.956         +0.940        -0.219             +1.000             +0.759             -0.722     -0.983    +0.952   -0.219  +0.008  -0.015  -0.017                 +0.008                 -0.017                -0.015                +0.002      -0.003      -0.002     +0.000  +0.006  -0.000  -0.001  -0.005  +0.008  -0.009  -0.015  +0.002   +0.006   +0.008  -0.004     +0.211     +0.965    -0.952        -0.202        -0.940       +0.945            -0.002             +0.004            -0.004            -0.008     +0.008     -0.006            -0.004             +0.011            -0.013          +0.020          +0.000           -0.002     -0.005
                         :       Delta_eta_Muon_NJO:                  +0.749                   +0.960                  -0.021          -0.743         +0.686        +0.448             +0.759             +1.000             -0.098     -0.747    +0.721   +0.448  +0.007  -0.012  -0.002                 +0.007                 -0.013                -0.002                +0.008      +0.006      +0.006     +0.016  -0.001  -0.001  +0.006  -0.016  +0.007  -0.007  -0.004  +0.008   +0.004   +0.010  -0.015     -0.448     +0.706    -0.718        +0.444        -0.672       +0.710            -0.005             +0.008            -0.004            -0.003     +0.006     -0.002            +0.001             +0.012            -0.010          +0.018          -0.002           -0.002     -0.005
                         :       Delta_eta_Muon_JLO:                  -0.716                   +0.106                  +0.994          +0.673         -0.709        +0.811             -0.722             -0.098             +1.000     +0.709    -0.690   +0.811  -0.005  +0.011  +0.023                 -0.005                 +0.011                +0.021                +0.005      +0.011      +0.008     +0.016  -0.010  -0.000  +0.007  -0.010  -0.005  +0.007  +0.019  +0.005   -0.005   -0.001  -0.010     -0.798     -0.725    +0.693        +0.781        +0.723       -0.689            -0.002             +0.003            +0.002            +0.009     -0.007     +0.007            +0.006             -0.004            +0.009          -0.012          -0.002           +0.001     +0.002
                         :               JetNLO_eta:                  -0.968                   -0.580                  +0.657          +0.973         -0.867        +0.259             -0.983             -0.747             +0.709     +1.000    -0.880   +0.259  -0.005  +0.013  +0.016                 -0.005                 +0.014                +0.015                -0.002      +0.007      -0.001     -0.003  -0.006  -0.001  -0.000  +0.007  -0.005  +0.007  +0.014  -0.002   -0.005   -0.009  +0.005     -0.251     -0.981    +0.884        +0.243        +0.957       -0.879            +0.008             -0.003            +0.005            +0.015     -0.012     +0.012            +0.004             -0.012            +0.014          -0.020          -0.002           +0.003     +0.008
                         :                JetLO_eta:                  +0.947                   +0.583                  -0.629          -0.855         +0.991        -0.136             +0.952             +0.721             -0.690     -0.880    +1.000   -0.136  +0.013  -0.017  -0.016                 +0.013                 -0.019                -0.015                +0.003      +0.004      -0.005     -0.004  +0.006  -0.003  -0.003  -0.001  +0.013  -0.012  -0.015  +0.003   +0.007   +0.005  -0.001     +0.127     +0.865    -0.994        -0.119        -0.840       +0.983            +0.009             +0.004            -0.003            +0.004     +0.002     +0.004            -0.004             +0.008            -0.009          +0.019          -0.002           -0.001     +0.000
                         :                 Muon_eta:                  -0.214                   +0.616                  +0.853          +0.230         -0.170        +1.000             -0.219             +0.448             +0.811     +0.259    -0.136   +1.000  +0.005  +0.001  +0.018                 +0.005                 -0.001                +0.017                +0.010      +0.017      +0.007     +0.019  -0.009  -0.003  +0.008  -0.013  +0.005  -0.001  +0.014  +0.010   -0.001   +0.003  -0.015     -0.989     -0.294    +0.145        +0.972        +0.311       -0.150            +0.005             +0.008            -0.000            +0.015     -0.008     +0.013            +0.006             +0.001            +0.004          -0.001          -0.005           +0.001     +0.004
                         :                  PT_Muon:                  +0.008                   +0.008                  -0.003          -0.005         +0.012        +0.005             +0.008             +0.007             -0.005     -0.005    +0.013   +0.005  +1.000  +0.176  +0.075                 +1.000                 +0.168                +0.123                -0.200      +0.648      +0.006     +0.060  +0.146  -0.038  -0.023  -0.003  +1.000  +0.138  +0.152  -0.200   +0.012   +0.009  -0.015     -0.006     +0.006    -0.013        +0.007        -0.006       +0.013            -0.060             -0.161            +0.195            +0.078     -0.009     +0.077            +0.010             +0.014            +0.012          -0.109          -0.350           -0.010     -0.280
                         :                  PT_JNLO:                  -0.012                   -0.005                  +0.010          +0.007         -0.018        +0.001             -0.015             -0.012             +0.011     +0.013    -0.017   +0.001  +0.176  +1.000  +0.821                 +0.176                 +0.969                +0.805                -0.260      -0.020      +0.312     +0.256  -0.165  +0.088  +0.004  +0.003  +0.176  +0.877  +0.762  -0.260   +0.000   +0.018  +0.000     +0.001     -0.009    +0.017        -0.001        +0.007       -0.017            -0.154             +0.090            -0.122            -0.140     -0.024     -0.147            +0.014             +0.002            -0.006          -0.817          +0.021           -0.390     -0.075
                         :                   PT_JLO:                  -0.014                   +0.006                  +0.023          +0.011         -0.018        +0.018             -0.017             -0.002             +0.023     +0.016    -0.016   +0.018  +0.075  +0.821  +1.000                 +0.075                 +0.819                +0.954                -0.167      -0.082      +0.234     +0.370  -0.268  +0.161  -0.001  +0.004  +0.075  +0.759  +0.898  -0.167   +0.008   +0.019  +0.001     -0.015     -0.014    +0.016        +0.012        +0.013       -0.016            -0.175             +0.139            -0.169            -0.174     -0.032     -0.182            +0.010             -0.006            -0.004          -0.659          +0.051           -0.350     -0.031
                         :   Energy_Transverse_Muon:                  +0.008                   +0.008                  -0.003          -0.005         +0.012        +0.004             +0.008             +0.007             -0.005     -0.005    +0.013   +0.005  +1.000  +0.176  +0.075                 +1.000                 +0.168                +0.123                -0.200      +0.648      +0.006     +0.060  +0.146  -0.038  -0.023  -0.003  +1.000  +0.138  +0.152  -0.200   +0.012   +0.009  -0.015     -0.006     +0.006    -0.013        +0.007        -0.006       +0.013            -0.060             -0.161            +0.195            +0.078     -0.009     +0.077            +0.010             +0.014            +0.012          -0.109          -0.350           -0.010     -0.280
                         :   Energy_Transverse_JNLO:                  -0.014                   -0.007                  +0.010          +0.008         -0.020        -0.001             -0.017             -0.013             +0.011     +0.014    -0.019   -0.001  +0.168  +0.969  +0.819                 +0.168                 +1.000                +0.791                -0.243      +0.004      +0.337     +0.248  -0.208  +0.302  +0.003  +0.001  +0.168  +0.942  +0.742  -0.243   +0.001   +0.020  -0.001     +0.003     -0.010    +0.020        -0.004        +0.009       -0.020            -0.161             +0.176            -0.201            -0.109     +0.049     -0.099            +0.013             +0.002            -0.006          -0.824          +0.102           -0.452     -0.102
                         :    Energy_Transverse_JLO:                  -0.012                   +0.006                  +0.021          +0.009         -0.016        +0.017             -0.015             -0.002             +0.021     +0.015    -0.015   +0.017  +0.123  +0.805  +0.954                 +0.123                 +0.791                +1.000                -0.229      -0.060      +0.213     +0.403  +0.014  +0.092  -0.002  +0.003  +0.123  +0.713  +0.974  -0.229   +0.004   +0.018  -0.001     -0.014     -0.013    +0.015        +0.012        +0.012       -0.014            -0.128             +0.025            -0.045            -0.097     +0.019     -0.093            +0.009             -0.011            -0.005          -0.658          -0.062           -0.243     -0.035
                         :    Energy_Transverse_met:                  +0.003                   +0.010                  +0.005          -0.002         +0.004        +0.010             +0.002             +0.008             +0.005     -0.002    +0.003   +0.010  -0.200  -0.260  -0.167                 -0.200                 -0.243                -0.229                +1.000      -0.261      -0.106     +0.057  -0.125  +0.049  +0.013  +0.018  -0.200  -0.193  -0.232  +1.000   +0.006   -0.001  -0.004     -0.011     +0.002    -0.004        +0.011        -0.001       +0.004            +0.167             +0.095            -0.046            +0.136     -0.033     +0.129            +0.002             -0.002            +0.009          -0.116          +0.022           -0.043     +0.302
                         :              Energy_Muon:                  -0.004                   +0.008                  +0.013          +0.007         +0.001        +0.017             -0.003             +0.006             +0.011     +0.007    +0.004   +0.017  +0.648  -0.020  -0.082                 +0.648                 +0.004                -0.060                -0.261      +1.000      +0.078     +0.036  +0.078  +0.085  -0.034  +0.004  +0.648  +0.023  -0.038  -0.261   -0.003   -0.018  -0.006     -0.017     -0.009    -0.002        +0.017        +0.010       +0.002            -0.180             -0.008            +0.060            +0.048     -0.051     +0.036            -0.003             +0.009            +0.004          +0.140          -0.063           +0.018     -0.452
                         :              Energy_JNLO:                  -0.002                   +0.006                  +0.008          -0.000         -0.005        +0.007             -0.002             +0.006             +0.008     -0.001    -0.005   +0.007  +0.006  +0.312  +0.234                 +0.006                 +0.337                +0.213                -0.106      +0.078      +1.000     +0.051  -0.119  +0.404  +0.011  +0.008  +0.006  +0.463  +0.180  -0.106   -0.006   -0.004  -0.001     -0.006     +0.000    +0.004        +0.005        -0.000       -0.004            -0.325             +0.143            -0.191            -0.139     +0.122     -0.111            -0.004             +0.005            -0.003          -0.094          +0.160           -0.130     -0.285
                         :               Energy_JLO:                  +0.003                   +0.023                  +0.018          -0.009         -0.005        +0.019             +0.000             +0.016             +0.016     -0.003    -0.004   +0.019  +0.060  +0.256  +0.370                 +0.060                 +0.248                +0.403                +0.057      +0.036      +0.051     +1.000  +0.200  +0.011  +0.024  -0.006  +0.060  +0.231  +0.473  +0.057   -0.001   +0.005  -0.020     -0.018     +0.003    +0.005        +0.017        -0.003       -0.005            -0.492             -0.061            -0.018            -0.428     +0.073     -0.414            -0.001             +0.013            +0.003          -0.104          +0.013           -0.025     -0.210
                         :                    M_JLO:                  +0.008                   -0.000                  -0.010          -0.008         +0.007        -0.009             +0.006             -0.001             -0.010     -0.006    +0.006   -0.009  +0.146  -0.165  -0.268                 +0.146                 -0.208                +0.014                -0.125      +0.078      -0.119     +0.200  +1.000  -0.280  +0.005  -0.008  +0.146  -0.271  +0.162  -0.125   -0.016   -0.006  -0.003     +0.006     +0.005    -0.007        -0.005        -0.005       +0.008            +0.083             -0.445            +0.460            +0.175     +0.160     +0.214            -0.004             -0.009            -0.003          +0.120          -0.397           +0.433     -0.044
                         :                   M_JNLO:                  -0.001                   -0.002                  -0.001          -0.001         -0.003        -0.003             -0.000             -0.001             -0.000     -0.001    -0.003   -0.003  -0.038  +0.088  +0.161                 -0.038                 +0.302                +0.092                +0.049      +0.085      +0.404     +0.011  -0.280  +1.000  +0.013  -0.001  -0.038  +0.533  +0.042  +0.049   +0.006   +0.004  -0.004     +0.005     -0.000    +0.004        -0.007        +0.002       -0.006            -0.118             +0.460            -0.451            +0.054     +0.291     +0.124            -0.003             +0.002            +0.000          -0.148          +0.417           -0.375     -0.180
                         :                   M_Muon:                  -0.001                   +0.006                  +0.007          +0.000         -0.002        +0.008             -0.001             +0.006             +0.007     -0.000    -0.003   +0.008  -0.023  +0.004  -0.001                 -0.023                 +0.003                -0.002                +0.013      -0.034      +0.011     +0.024  +0.005  +0.013  +1.000  -0.009  -0.023  +0.010  -0.000  +0.013   +0.007   -0.021  +0.015     -0.006     +0.002    +0.003        +0.005        -0.003       -0.003            -0.006             +0.010            -0.013            -0.016     +0.012     -0.014            +0.005             +0.004            +0.001          -0.006          +0.018           -0.011     -0.002
                         :                    M_met:                  -0.005                   -0.018                  -0.011          +0.009         +0.002        -0.013             -0.005             -0.016             -0.010     +0.007    -0.001   -0.013  -0.003  +0.003  +0.004                 -0.003                 +0.001                +0.003                +0.018      +0.004      +0.008     -0.006  -0.008  -0.001  -0.009  +1.000  -0.003  +0.003  -0.001  +0.018   +0.016   -0.006  -0.003     +0.014     -0.009    +0.001        -0.014        +0.010       -0.002            -0.004             -0.005            +0.006            +0.005     -0.003     +0.004            +0.008             -0.010            +0.000          -0.007          -0.005           -0.001     -0.010
                         :                  MT_Muon:                  +0.008                   +0.008                  -0.003          -0.005         +0.012        +0.004             +0.008             +0.007             -0.005     -0.005    +0.013   +0.005  +1.000  +0.176  +0.075                 +1.000                 +0.168                +0.123                -0.200      +0.648      +0.006     +0.060  +0.146  -0.038  -0.023  -0.003  +1.000  +0.138  +0.152  -0.200   +0.012   +0.009  -0.015     -0.006     +0.006    -0.013        +0.007        -0.006       +0.013            -0.060             -0.161            +0.195            +0.078     -0.009     +0.077            +0.010             +0.014            +0.012          -0.109          -0.350           -0.010     -0.280
                         :                  MT_JNLO:                  -0.007                   -0.003                  +0.006          +0.003         -0.012        -0.001             -0.009             -0.007             +0.007     +0.007    -0.012   -0.001  +0.138  +0.877  +0.759                 +0.138                 +0.942                +0.713                -0.193      +0.023      +0.463     +0.231  -0.271  +0.533  +0.010  +0.003  +0.138  +1.000  +0.651  -0.193   +0.002   +0.016  -0.003     +0.003     -0.004    +0.013        -0.004        +0.003       -0.013            -0.190             +0.279            -0.303            -0.097     +0.114     -0.071            +0.010             +0.003            -0.004          -0.730          +0.199           -0.483     -0.153
                         :                   MT_JLO:                  -0.011                   +0.005                  +0.019          +0.007         -0.016        +0.014             -0.015             -0.004             +0.019     +0.014    -0.015   +0.014  +0.152  +0.762  +0.898                 +0.152                 +0.742                +0.974                -0.232      -0.038      +0.180     +0.473  +0.162  +0.042  -0.000  -0.001  +0.152  +0.651  +1.000  -0.232   +0.006   +0.016  +0.001     -0.011     -0.012    +0.014        +0.009        +0.011       -0.014            -0.154             -0.043            +0.020            -0.101     +0.049     -0.090            +0.008             -0.009            -0.004          -0.610          -0.108           -0.173     -0.062
                         :                   MT_met:                  +0.003                   +0.010                  +0.005          -0.002         +0.004        +0.010             +0.002             +0.008             +0.005     -0.002    +0.003   +0.010  -0.200  -0.260  -0.167                 -0.200                 -0.243                -0.229                +1.000      -0.261      -0.106     +0.057  -0.125  +0.049  +0.013  +0.018  -0.200  -0.193  -0.232  +1.000   +0.006   -0.001  -0.004     -0.011     +0.002    -0.004        +0.011        -0.001       +0.004            +0.167             +0.095            -0.046            +0.136     -0.033     +0.129            +0.002             -0.002            +0.009          -0.116          +0.022           -0.043     +0.302
                         :                 Phi_Muon:                  +0.004                   +0.001                  -0.004          -0.003         +0.005        -0.001             +0.006             +0.004             -0.005     -0.005    +0.007   -0.001  +0.012  +0.000  +0.008                 +0.012                 +0.001                +0.004                +0.006      -0.003      -0.006     -0.001  -0.016  +0.006  +0.007  +0.016  +0.012  +0.002  +0.006  +0.006   +1.000   +0.131  +0.088     +0.002     +0.003    -0.004        -0.003        -0.003       +0.002            -0.003             +0.011            -0.019            -0.009     +0.011     -0.007            +0.011             -0.004            +0.020          -0.005          +0.013           -0.016     -0.017
                         :                 Phi_JNLO:                  +0.012                   +0.015                  -0.000          -0.016         +0.005        +0.003             +0.008             +0.010             -0.001     -0.009    +0.005   +0.003  +0.009  +0.018  +0.019                 +0.009                 +0.020                +0.018                -0.001      -0.018      -0.004     +0.005  -0.006  +0.004  -0.021  -0.006  +0.009  +0.016  +0.016  -0.001   +0.131   +1.000  -0.405     -0.003     +0.013    -0.006        +0.003        -0.015       +0.007            +0.012             -0.003            +0.001            +0.010     -0.005     +0.009            +0.019             -0.007            +0.011          -0.023          -0.008           -0.004     +0.015
                         :                  Phi_JLO:                  -0.005                   -0.017                  -0.011          +0.006         -0.001        -0.015             -0.004             -0.015             -0.010     +0.005    -0.001   -0.015  -0.015  +0.000  +0.001                 -0.015                 -0.001                -0.001                -0.004      -0.006      -0.001     -0.020  -0.003  -0.004  +0.015  -0.003  -0.015  -0.003  +0.001  -0.004   +0.088   -0.405  +1.000     +0.013     -0.006    +0.002        -0.011        +0.006       -0.003            +0.005             +0.013            -0.014            -0.002     +0.010     +0.000            -0.008             -0.008            +0.003          +0.001          +0.017           -0.015     -0.003
                         :               Theta_Muon:                  +0.204                   -0.615                  -0.840          -0.220         +0.161        -0.989             +0.211             -0.448             -0.798     -0.251    +0.127   -0.989  -0.006  +0.001  -0.015                 -0.006                 +0.003                -0.014                -0.011      -0.017      -0.006     -0.018  +0.006  +0.005  -0.006  +0.014  -0.006  +0.003  -0.011  -0.011   +0.002   -0.003  +0.013     +1.000     +0.288    -0.135        -0.996        -0.306       +0.138            -0.006             -0.005            -0.002            -0.015     +0.008     -0.013            -0.008             -0.000            -0.006          +0.000          +0.007           -0.002     -0.003
                         :               Theta_JNLO:                  +0.970                   +0.560                  -0.679          -0.982         +0.859        -0.294             +0.965             +0.706             -0.725     -0.981    +0.865   -0.294  +0.006  -0.009  -0.014                 +0.006                 -0.010                -0.013                +0.002      -0.009      +0.000     +0.003  +0.005  -0.000  +0.002  -0.009  +0.006  -0.004  -0.012  +0.002   +0.003   +0.013  -0.006     +0.288     +1.000    -0.878        -0.280        -0.995       +0.880            -0.008             +0.003            -0.005            -0.014     +0.011     -0.011            -0.007             +0.015            -0.017          +0.014          +0.001           -0.005     -0.006
                         :                Theta_JLO:                  -0.955                   -0.585                  +0.635          +0.867         -0.991        +0.145             -0.952             -0.718             +0.693     +0.884    -0.994   +0.145  -0.013  +0.017  +0.016                 -0.013                 +0.020                +0.015                -0.004      -0.002      +0.004     +0.005  -0.007  +0.004  +0.003  +0.001  -0.013  +0.013  +0.014  -0.004   -0.004   -0.006  +0.002     -0.135     -0.878    +1.000        +0.125        +0.858       -0.997            -0.009             -0.003            +0.003            -0.004     -0.003     -0.004            +0.004             -0.008            +0.009          -0.018          +0.003           -0.000     +0.001
                         :            cosTheta_Muon:                  -0.195                   +0.610                  +0.823          +0.211         -0.153        +0.972             -0.202             +0.444             +0.781     +0.243    -0.119   +0.972  +0.007  -0.001  +0.012                 +0.007                 -0.004                +0.012                +0.011      +0.017      +0.005     +0.017  -0.005  -0.007  +0.005  -0.014  +0.007  -0.004  +0.009  +0.011   -0.003   +0.003  -0.011     -0.996     -0.280    +0.125        +1.000        +0.299       -0.128            +0.006             +0.004            +0.003            +0.015     -0.008     +0.013            +0.009             -0.000            +0.006          -0.000          -0.008           +0.002     +0.003
                         :            cosTheta_JNLO:                  -0.954                   -0.537                  +0.681          +0.971         -0.837        +0.311             -0.940             -0.672             +0.723     +0.957    -0.840   +0.311  -0.006  +0.007  +0.013                 -0.006                 +0.009                +0.012                -0.001      +0.010      -0.000     -0.003  -0.005  +0.002  -0.003  +0.010  -0.006  +0.003  +0.011  -0.001   -0.003   -0.015  +0.006     -0.306     -0.995    +0.858        +0.299        +1.000       -0.864            +0.008             -0.003            +0.004            +0.014     -0.010     +0.011            +0.008             -0.016            +0.018          -0.012          -0.001           +0.006     +0.006
                         :             cosTheta_JLO:                  +0.952                   +0.582                  -0.635          -0.868         +0.984        -0.150             +0.945             +0.710             -0.689     -0.879    +0.983   -0.150  +0.013  -0.017  -0.016                 +0.013                 -0.020                -0.014                +0.004      +0.002      -0.004     -0.005  +0.008  -0.006  -0.003  -0.002  +0.013  -0.013  -0.014  +0.004   +0.002   +0.007  -0.003     +0.138     +0.880    -0.997        -0.128        -0.864       +1.000            +0.009             +0.002            -0.002            +0.003     +0.003     +0.004            -0.003             +0.009            -0.009          +0.018          -0.004           +0.001     -0.002
                         :        CosAngle_JNLO_JLO:                  -0.002                   -0.003                  -0.001          +0.009         +0.008        +0.005             -0.002             -0.005             -0.002     +0.008    +0.009   +0.005  -0.060  -0.154  -0.175                 -0.060                 -0.161                -0.128                +0.167      -0.180      -0.325     -0.492  +0.083  -0.118  -0.006  -0.004  -0.060  -0.190  -0.154  +0.167   -0.003   +0.012  +0.005     -0.006     -0.008    -0.009        +0.006        +0.008       +0.009            +1.000             -0.003            +0.166            +0.802     -0.050     +0.797            +0.010             -0.018            +0.000          -0.170          -0.155           +0.031     +0.687
                         :       CosAngle_Muon_JNLO:                  +0.003                   +0.009                  +0.005          -0.003         +0.002        +0.008             +0.004             +0.008             +0.003     -0.003    +0.004   +0.008  -0.161  +0.090  +0.139                 -0.161                 +0.176                +0.025                +0.095      -0.008      +0.143     -0.061  -0.445  +0.460  +0.010  -0.005  -0.161  +0.279  -0.043  +0.095   +0.011   -0.003  +0.013     -0.005     +0.003    -0.003        +0.004        -0.003       +0.002            -0.003             +1.000            -0.938            +0.067     +0.032     +0.075            -0.015             +0.010            -0.001          -0.127          +0.889           -0.889     +0.005
                         :        CosAngle_Muon_JLO:                  -0.003                   -0.002                  +0.001          +0.003         -0.002        -0.000             -0.004             -0.004             +0.002     +0.005    -0.003   -0.000  +0.195  -0.122  -0.169                 +0.195                 -0.201                -0.045                -0.046      +0.060      -0.191     -0.018  +0.460  -0.451  -0.013  +0.006  +0.195  -0.303  +0.020  -0.046   -0.019   +0.001  -0.014     -0.002     -0.005    +0.003        +0.003        +0.004       -0.002            +0.166             -0.938            +1.000            +0.185     -0.104     +0.162            +0.010             -0.014            -0.002          +0.096          -0.947           +0.855     +0.143
